0 0 0.05859375 0.021078431249999998 0.06380208281250001 0.0377450984375 0.05989583281250001 0.052450979687499996 0.0455729171875 0.063725490625 0.0260416671875 0.0705882359375 0.0006510421875 0 0 0 0.05859375
0 0.198039215625 0.1875 0.194117646875 0.20247395781250002 0.1931372546875 0.22721354218749998 0.180882353125 0.24934895781250002 0.1745098046875 0.2766927078125 0.173039215625 0.3216145828125 0.1745098046875 0.33203125 0.1838235296875 0.3587239578125 0.1970588234375 0.3763020828125 0.21519607812500002 0.3880208328125 0.25392156875 0.3919270828125 0.27450980468749997 0.3860677078125 0.2833333328125 0.37890625 0.2950980390625 0.3736979171875 0.30196078437499996 0.3671875 0.309803921875 0.353515625 0.3279411765625 0.3430989578125 0.3328431375 0.3294270828125 0.3328431375 0.3157552078125 0.33676470625 0.2936197921875 0.33725490156250004 0.2526041671875 0.32107843125 0.22200520781250002 0.3009803921875 0.1966145828125 0.28431372499999996 0.1829427078125 0.259803921875 0.1692708328125 0.2450980390625 0.1614583328125 0.23431372499999997 0.16015625 0.223039215625 0.1614583328125 0.21176470625000002 0.1673177078125 0.198039215625 0.1875
0 0.07107843124999999 0.439453125 0.07009803906249999 0.4772135421875 0.080882353125 0.5084635421875 0.090196078125 0.5162760421875 0.0955882359375 0.525390625 0.1049019609375 0.529296875 0.1264705875 0.5286458328125 0.13333333281249998 0.525390625 0.1372549015625 0.51953125 0.1490196078125 0.513671875 0.1602941171875 0.5013020828125 0.169117646875 0.478515625 0.1705882359375 0.462890625 0.1671568625 0.4381510421875 0.15637254843749998 0.4108072921875 0.14215686249999998 0.3984375 0.12794117656249998 0.3938802078125 0.1127450984375 0.3932291671875 0.096568628125 0.3984375 0.08235294062500001 0.412109375 0.07107843124999999 0.439453125
0 0.0259803921875 0.7506510421875 0.0563725484375 0.7278645828125 0.07107843124999999 0.7135416671875 0.09460784375 0.68359375 0.1004901953125 0.669921875 0.101960784375 0.6588541671875 0.09950980468750001 0.609375 0.09607843125 0.5944010421875 0.08823529375 0.58203125 0.0705882359375 0.56640625 0.051960784375 0.5572916671875 0.03676470625 0.552734375 0.014705882812500001 0.5520833328125 0 0.5553385421875 0.0009803921875 0.7506510421875 0.0259803921875 0.7506510421875
0 0.44362745156249994 0.6666666671875 0.42205882343749995 0.6901041671875 0.415196078125 0.7115885421875 0.4171568625 0.748046875 0.4259803921875 0.7779947921875 0.44117647031249996 0.80078125 0.4627450984375 0.8170572921874999 0.490686275 0.8229166671874999 0.498039215625 0.822265625 0.5142156859375 0.814453125 0.5245098046875001 0.80078125 0.5338235296875 0.783203125 0.53823529375 0.7506510421875 0.53676470625 0.7109375 0.5279411765625001 0.6790364578125 0.5093137249999999 0.6536458328125 0.5 0.6497395828125 0.4759803921875 0.6497395828125 0.4661764703125 0.6516927078125 0.457352940625 0.66015625 0.44362745156249994 0.6666666671875
0 0.47303921562499995 0.6233723953125 0.49754902031250003 0.595703125 0.49632352968750004 0.5517578125 0.4779411765625 0.5143229171875 0.44975490156250003 0.5208333328125 0.4240196078125 0.5696614578125 0.44362745156249994 0.6168619796875 0.47303921562499995 0.6233723953125
0 0.5563725484375001 0.6901041671875 0.5955882359375 0.6868489578125 0.6127450984375 0.6624348953125 0.625 0.6298828125 0.61642156875 0.5810546875 0.5845588234375 0.5501302078125 0.5453431375 0.537109375 0.518382353125 0.546875 0.498774509375 0.6087239578125 0.5061274515624999 0.6494140625 0.52573529375 0.673828125 0.5563725484375001 0.6901041671875
0 0.526960784375 0.06315104218749999 0.5254901953125 0.07552083281250001 0.5274509796875 0.1119791671875 0.5338235296875 0.154296875 0.5416666671875 0.189453125 0.5549019609375 0.20703125 0.5671568625 0.21744791718749998 0.5828431375 0.22200520781250002 0.6 0.22005208281250002 0.613725490625 0.21223958281250002 0.6279411765625 0.20768229218749998 0.6416666671875 0.1966145828125 0.6524509796875 0.1829427078125 0.663725490625 0.1634114578125 0.6735294125 0.1295572921875 0.6720588234375 0.115234375 0.6642156859375 0.09895833281250001 0.6524509796875 0.05729166718749999 0.642647059375 0.03515625 0.6235294125 0.0208333328125 0.60539215625 0.015625 0.5897058828125 0.014322917187500001 0.5666666671875 0.021484375 0.5411764703124999 0.04296875 0.526960784375 0.06315104218749999
0 0.83039215625 0.1966145828125 0.8166666671874999 0.22265625 0.813725490625 0.23763020781250002 0.8142156859374999 0.2682291671875 0.8225490203125 0.2786458328125 0.8225490203125 0.296875 0.8264705875 0.3079427078125 0.840686275 0.3216145828125 0.85392156875 0.3287760421875 0.8911764703125 0.326171875 0.8955882359375 0.3235677078125 0.8990196078125001 0.31640625 0.9058823531250001 0.3138020828125 0.915196078125 0.3059895828125 0.92107843125 0.2981770828125 0.9274509796875 0.2838541671875 0.9299019609375 0.2727864578125 0.9279411765625 0.23763020781250002 0.91960784375 0.212890625 0.9039215687500001 0.189453125 0.8754901953124999 0.1751302078125 0.8607843140625 0.1725260421875 0.8426470593750001 0.1829427078125 0.83676470625 0.1920572921875 0.83039215625 0.1966145828125
0 0.815686275 0.376953125 0.8098039218749999 0.3932291671875 0.8019607843750001 0.3977864578125 0.7995098046875 0.4049479171875 0.7990196078125 0.4694010421875 0.8044117640625 0.4986979171875 0.8186274515624999 0.525390625 0.830882353125 0.5416666671875 0.8397058828124999 0.5481770828125 0.848039215625 0.55078125 0.8622549015625 0.55078125 0.8764705875000001 0.5442708328125 0.888725490625 0.5338541671875 0.91323529375 0.5052083328125 0.9186274515624999 0.4967447921875 0.9235294125 0.4798177078125 0.9338235296875 0.45703125 0.940686275 0.4322916671875 0.938725490625 0.3880208328125 0.9348039218749999 0.3763020828125 0.9264705875000001 0.361328125 0.9122549015624999 0.3515625 0.8872549015625 0.34375 0.8715686281249999 0.341796875 0.851960784375 0.3489583328125 0.8294117640625001 0.361328125 0.815686275 0.376953125
0 0.8051470593750001 0.390625 0.7953431375 0.3450520828125 0.76960784375 0.3401692703125 0.7450980390625 0.3792317703125 0.748774509375 0.4280598953125 0.7904411765625 0.4427083328125 0.8051470593750001 0.390625
0 0.7107843140625 0.595703125 0.7279411765625 0.6363932296875 0.759803921875 0.6429036453125 0.7806372546875 0.6184895828125 0.7745098046875001 0.576171875 0.7561274515624999 0.5550130203125 0.7549019609375 0.5338541671875 0.731617646875 0.5061848953125 0.7181372546875 0.5159505203125 0.6936274515624999 0.5305989578125 0.6875 0.5615234375 0.7107843140625 0.595703125