0 1 0.126953125 0.9985294124999999 0.126953125 0.9720588234375 0.1334635421875 0.9446078437500001 0.1549479171875 0.9299019609375 0.1725260421875 0.92107843125 0.1868489578125 0.9098039218749999 0.220703125 0.909313725 0.2682291671875 0.92107843125 0.3072916671875 0.9303921562499999 0.3307291671875 0.9348039218749999 0.3365885421875 0.9450980390625 0.3470052078125 0.96176470625 0.357421875 1 0.361328125 1 0.126953125
0 0.1872549015625 0 0.1607843140625 0.0227864578125 0.153431371875 0.0358072921875 0.1514705875 0.0481770828125 0.151960784375 0.08919270781250001 0.1764705875 0.1380208328125 0.1995098046875 0.1490885421875 0.217647059375 0.1477864578125 0.22647058750000001 0.1419270828125 0.2357843140625 0.130859375 0.2485294125 0.10546875 0.2529411765625 0.080078125 0.2529411765625 0.05989583281250001 0.2495098046875 0.0377604171875 0.244117646875 0.0208333328125 0.22892156875 0 0.1872549015625 0
0 0.2985294125 0.310546875 0.28823529375 0.3268229171875 0.2818627453125 0.353515625 0.282352940625 0.3990885421875 0.28676470625 0.4322916671875 0.3 0.4609375 0.3102941171875 0.474609375 0.3259803921875 0.4856770828125 0.3416666671875 0.4921875 0.34852941249999997 0.5006510421875 0.36323529374999997 0.5104166671875 0.37745097968749997 0.5143229171875 0.39117647031249997 0.5143229171875 0.40490196093749997 0.5091145828125 0.421568628125 0.498046875 0.43578431406249996 0.4811197921875 0.45147058749999996 0.4537760421875 0.4602941171875 0.4329427078125 0.46323529375000005 0.4192708328125 0.4647058828125 0.3645833328125 0.46225490156250004 0.3430989578125 0.4583333328125 0.33203125 0.44558823593749997 0.3151041671875 0.426960784375 0.2975260421875 0.40833333281249995 0.2747395828125 0.39460784375 0.2688802078125 0.37696078437499997 0.265625 0.3392156859375 0.2727864578125 0.3127450984375 0.29296875 0.2985294125 0.310546875
0 0.5772058828125 0.4573567703125 0.606617646875 0.4622395828125 0.6323529406249999 0.4296875 0.6384803921875 0.37109375 0.6188725484375001 0.3352864578125 0.5796568625 0.322265625 0.5490196078125 0.3597005203125 0.544117646875 0.4085286453125 0.5514705875 0.4427083328125 0.5772058828125 0.4573567703125
0 0.697303921875 0.4671223953125 0.705882353125 0.4768880203125 0.731617646875 0.4606119796875 0.7450980390625 0.4280598953125 0.7365196078125 0.380859375 0.7193627453125 0.3369140625 0.6752450984375 0.341796875 0.6580882359375 0.3743489578125 0.66176470625 0.4215494796875 0.6801470593750001 0.458984375 0.697303921875 0.4671223953125
0 0.669117646875 0.6331380203125 0.705882353125 0.6380208328125 0.715686275 0.6624348953125 0.7438725484375001 0.6510416671875 0.748774509375 0.6217447921875 0.734068628125 0.6136067703125 0.714460784375 0.6217447921875 0.73039215625 0.5940755203125 0.721813725 0.56640625 0.73039215625 0.5338541671875 0.7193627453125 0.4996744796875 0.7083333328125 0.4801432296875 0.659313725 0.4899088546875 0.6384803921875 0.5208333328125 0.634803921875 0.5696614578125 0.65073529375 0.6184895828125 0.669117646875 0.6331380203125
0 0.7561274515624999 0.6412760421875 0.8014705875000001 0.6591796875 0.8345588234375001 0.6494140625 0.856617646875 0.6201171875 0.8713235296875 0.5745442703125 0.8664215687500001 0.5192057296875 0.8431372546875 0.4817708328125 0.796568628125 0.4752604171875 0.75857843125 0.5078125 0.7438725484375001 0.5582682296875 0.740196078125 0.6022135421875 0.7561274515624999 0.6412760421875
0 1 0.5289713546875 0.9779411765624999 0.56640625 0.9705882359375 0.6005859375 0.9779411765624999 0.6282552078125 1 0.6510416671875 1 0.5289713546875
0 0.9276960781250001 0.7063802078125 0.9497549015625 0.7389322921875 0.97426470625 0.751953125 1 0.7405598953125 0.998774509375 0.6575520828125 0.9767156859374999 0.6363932296875 0.9595588234375001 0.6363932296875 0.9350490203125 0.6656901046875 0.9276960781250001 0.7063802078125
0 0.785539215625 0.7307942703125 0.77573529375 0.7991536453125 0.776960784375 0.8512369796874999 0.8210784312499999 0.8902994796874999 0.84926470625 0.8984375 0.8811274515624999 0.8870442703125001 0.91176470625 0.8577473953125001 0.9276960781250001 0.8317057296874999 0.9375 0.7747395828125 0.921568628125 0.7242838546875 0.89460784375 0.6852213546875 0.846813725 0.6803385421875 0.8088235296875 0.7014973953125 0.785539215625 0.7307942703125
0 0.6323529406249999 0.7470703125 0.6299019609375 0.7893880203125 0.63357843125 0.8414713546874999 0.6642156859375 0.8756510421874999 0.7046568625 0.87890625 0.7377450984375 0.8658854171874999 0.7647058828125 0.8463541671874999 0.7732843140625 0.7958984375 0.76960784375 0.7438151046875 0.7450980390625 0.7096354171875 0.7181372546875 0.6917317703125 0.6703431375 0.703125 0.6323529406249999 0.7470703125
0 0.6568627453125 0.91796875 0.64460784375 0.9554036453125001 0.643382353125 0.99609375 0.8088235296875 0.99609375 0.8149509796875 0.9586588546874999 0.8014705875000001 0.9244791671874999 0.7953431375 0.8821614578125001 0.75857843125 0.8577473953125001 0.7267156859375 0.8740234375 0.6825980390625 0.8821614578125001 0.6568627453125 0.91796875
0 0.0563725484375 0.5257161453125 0.072303921875 0.4866536453125 0.0674019609375 0.44921875 0.055147059374999995 0.4036458328125 0.0245098046875 0.3597005203125 0.0024509796875 0.3336588546875 0 0.5485026046875 0.0232843140625 0.5452473953125 0.0563725484375 0.5257161453125
0 0.045343137500000005 0.7373046875 0.08333333281250001 0.6982421875 0.08823529375 0.6477864578125 0.09068627500000001 0.6005859375 0.0649509796875 0.556640625 0.030637254687499997 0.5517578125 0 0.5485026046875 0.001225490625 0.5517578125 0.007352940625 0.7389322921875 0.045343137500000005 0.7373046875