0 0.894117646875 0.541015625 0.875 0.5833333328125 0.8686274515625 0.591796875 0.8578431375 0.6178385421875 0.8455882359375 0.6686197921875 0.8514705875 0.708984375 0.8588235296875 0.7311197921875 0.8813725484375 0.763671875 0.898039215625 0.775390625 0.9058823531250001 0.7779947921875 0.9235294125 0.7760416671875 0.9480392156249999 0.7649739578125 0.965686275 0.75390625 0.98039215625 0.7376302078125 0.9857843140625 0.7259114578125 0.9946078437500001 0.7154947921875 1 0.7005208328125 0.9990196078125001 0.6028645828125 0.9872549015625 0.578125 0.97892156875 0.5540364578125 0.965686275 0.5299479171875 0.95 0.5130208328125 0.934313725 0.5091145828125 0.915686275 0.5143229171875 0.9073529406249999 0.5221354171875 0.894117646875 0.541015625
0 0.2063725484375 1 0.20147058750000002 0.9811197921874999 0.19558823593750002 0.9713541671874999 0.1759803921875 0.9602864578125001 0.1583333328125 0.9583333328125001 0.1392156859375 0.9596354171874999 0.126960784375 0.966796875 0.1102941171875 0.982421875 0.0975490203125 1 0.2063725484375 1
0 0.6774509796875 1 0.6774509796875 0.986328125 0.6740196078125 0.9694010421874999 0.6622549015625 0.9479166671874999 0.6504901953125 0.9322916671874999 0.6166666671875001 0.90625 0.6078431375 0.90234375 0.5931372546875 0.9010416671874999 0.5774509796875 0.9055989578125001 0.5504901953125 0.9420572921874999 0.5485294125 0.94921875 0.5490196078125 0.9654947921874999 0.5524509796875 0.9856770828125001 0.555882353125 0.9915364578125001 0.56323529375 1 0.6774509796875 1
0 0.4693627453125 0.9098307296874999 0.4865196078125 0.9407552078125001 0.5294117640625 0.9586588546874999 0.5600490203125 0.9342447921874999 0.58210784375 0.8984375 0.5943627453125 0.8577473953125001 0.5943627453125 0.7975260421875 0.5735294125 0.751953125 0.5379901953124999 0.7340494796875 0.5208333328125 0.7405598953125 0.4620098046875 0.771484375 0.447303921875 0.8317057296874999 0.4522058828125 0.8837890625 0.4693627453125 0.9098307296874999
0 0.60539215625 0.478515625 0.57107843125 0.4606119796875 0.5208333328125 0.4703776046875 0.49387254843750006 0.5029296875 0.46446078437500005 0.5517578125 0.46323529375000005 0.5989583328125 0.4791666671875 0.6461588546875 0.5049019609375 0.6689453125 0.5294117640625 0.6819661453125 0.5588235296875 0.7096354171875 0.5759803921875 0.7194010421875 0.5796568625 0.6396484375 0.60539215625 0.5843098953125 0.623774509375 0.5436197921875 0.60539215625 0.478515625
0 0.348039215625 0.498046875 0.37132352968750004 0.5257161453125 0.41176470624999995 0.5436197921875 0.44117647031249996 0.5354817703125 0.453431371875 0.5126953125 0.481617646875 0.4964192703125 0.49264705937500003 0.46875 0.5024509796875 0.419921875 0.48774509843749997 0.3938802078125 0.4693627453125 0.3662109375 0.46446078437500005 0.3271484375 0.447303921875 0.3173828125 0.436274509375 0.3255208328125 0.421568628125 0.3076171875 0.3958333328125 0.3271484375 0.3529411765625 0.361328125 0.33700980468749997 0.4117838546875 0.3345588234375 0.4703776046875 0.348039215625 0.498046875
0 0.296568628125 0.6689453125 0.3235294125 0.6998697921875 0.359068628125 0.7047526046875 0.3921568625 0.6819661453125 0.4080882359375 0.6331380203125 0.40318627500000004 0.5745442703125 0.3884803921875 0.5436197921875 0.3602941171875 0.5192057296875 0.322303921875 0.5224609375 0.30024509843749997 0.556640625 0.276960784375 0.5924479171875 0.2806372546875 0.625 0.296568628125 0.6689453125
0 0.20833333281250002 0.3759765625 0.1629901953125 0.4085286453125 0.1458333328125 0.4524739578125 0.1458333328125 0.498046875 0.160539215625 0.556640625 0.188725490625 0.5794270828125 0.23651960781249998 0.5924479171875 0.2732843140625 0.5712890625 0.3014705875 0.5501302078125 0.319852940625 0.4964192703125 0.31617647031249996 0.4541015625 0.313725490625 0.4231770828125 0.3075980390625 0.4069010421875 0.265931371875 0.3792317703125 0.23529411718749998 0.3645833328125 0.20833333281250002 0.3759765625
0 0.126225490625 0.23111979218749998 0.08823529375 0.24576822968749998 0.0514705875 0.2766927078125 0.035539215624999995 0.33203125 0.026960784375 0.3824869796875 0.045343137500000005 0.4280598953125 0.0563725484375 0.4573567703125 0.08333333281250001 0.4443359375 0.1078431375 0.4313151046875 0.14215686249999998 0.4329427078125 0.16789215625 0.3889973953125 0.2095588234375 0.3727213546875 0.2267156859375 0.3629557296875 0.223039215625 0.3401692703125 0.20833333281250002 0.2897135421875 0.1924019609375 0.24576822968749998 0.1556372546875 0.23763020781250002 0.126225490625 0.23111979218749998
0 0.356617646875 0.2734375 0.3811274515625 0.24088541718749998 0.40196078437500005 0.20670572968749998 0.4056372546875 0.1790364578125 0.384803921875 0.166015625 0.37254902031250003 0.1399739578125 0.373774509375 0.1171875 0.34681372499999996 0.09602864531250001 0.305147059375 0.1090494796875 0.27573529375 0.15625 0.2708333328125 0.2099609375 0.28799019531250003 0.2555338546875 0.3259803921875 0.2783203125 0.356617646875 0.2734375
0 0.578431371875 0.6949869796875 0.590686275 0.7405598953125 0.6213235296875 0.791015625 0.6544117640625 0.7926432296875 0.677696078125 0.7926432296875 0.714460784375 0.771484375 0.748774509375 0.7503255203125 0.7610294125 0.6982421875 0.7561274515624999 0.6429036453125 0.734068628125 0.6184895828125 0.6899509796875 0.5940755203125 0.65073529375 0.5696614578125 0.606617646875 0.5924479171875 0.58823529375 0.6380208328125 0.578431371875 0.6949869796875