0 0.151960784375 0.7265625 0.14215686249999998 0.744140625 0.1352941171875 0.7688802078125 0.1372549015625 0.8131510421874999 0.1470588234375 0.8450520828125001 0.161274509375 0.8665364578125001 0.184803921875 0.8756510421874999 0.1950980390625 0.8756510421874999 0.2142156859375 0.8704427078125001 0.2205882359375 0.8671875 0.22696078437499997 0.8600260421874999 0.23431372499999997 0.8463541671874999 0.2392156859375 0.8229166671874999 0.24705882343750002 0.810546875 0.2549019609375 0.791015625 0.2588235296875 0.763671875 0.25833333281250004 0.7454427078125 0.2529411765625 0.7330729171875 0.2431372546875 0.7194010421875 0.217647059375 0.7018229171875 0.1916666671875 0.69921875 0.1735294125 0.70703125 0.1607843140625 0.7161458328125 0.151960784375 0.7265625
0 0.5779411765625 0.21028645781250002 0.565196078125 0.2265625 0.55 0.25390625 0.5401960781249999 0.2779947921875 0.5372549015625 0.2916666671875 0.5338235296875 0.31640625 0.5338235296875 0.3430989578125 0.53823529375 0.3684895828125 0.5431372546875 0.3802083328125 0.563725490625 0.4134114578125 0.575 0.4225260421875 0.5950980390625 0.4296875 0.607352940625 0.4375 0.6470588234375 0.4388020828125 0.684803921875 0.4205729171875 0.7147058828125 0.3860677078125 0.7308823531249999 0.357421875 0.7357843140625 0.33984375 0.7377450984375 0.3020833328125 0.734313725 0.2623697921875 0.73039215625 0.2421875 0.71960784375 0.21354166718749998 0.707352940625 0.1946614578125 0.6936274515624999 0.1822916671875 0.68039215625 0.17578125 0.6529411765625001 0.1731770828125 0.6352941171875 0.1764322921875 0.6063725484375 0.1868489578125 0.5779411765625 0.21028645781250002
0 0.8803921562499999 0.8483072921874999 0.87892156875 0.8841145828125001 0.8897058828125 0.90625 0.8985294125 0.916015625 0.9205882359374999 0.9205729171874999 0.9377450984375001 0.9205729171874999 0.9544117640625001 0.9029947921874999 0.9651960781250001 0.8828125 0.9700980390625 0.857421875 0.9661764703125 0.8424479171874999 0.9544117640625001 0.8203125 0.93676470625 0.80859375 0.9225490203125 0.8046875 0.9044117640625 0.8098958328125001 0.8921568625 0.8216145828125001 0.8803921562499999 0.8483072921874999
0 0.7504901953124999 0.6822916671875 0.7475490203125 0.6940104171875 0.748039215625 0.7233072921875 0.753431371875 0.7506510421875 0.759803921875 0.7591145828125 0.7686274515625 0.7805989578125 0.7754901953125 0.7845052078125 0.7995098046875 0.7890625 0.8181372546875 0.779296875 0.8333333328125001 0.7610677078125 0.8401960781250001 0.7369791671875 0.840686275 0.72265625 0.83823529375 0.701171875 0.830882353125 0.6796875 0.8225490203125 0.6686197921875 0.7975490203125 0.6549479171875 0.77892156875 0.65234375 0.765686275 0.66015625 0.761274509375 0.6712239578125 0.7504901953124999 0.6822916671875
0 0.715686275 0.5989583328125 0.73039215625 0.625 0.7610294125 0.6363932296875 0.785539215625 0.6070963546875 0.784313725 0.5631510421875 0.7475490203125 0.5436197921875 0.751225490625 0.537109375 0.7291666671875 0.5598958328125 0.715686275 0.5989583328125
0 0.5551470593750001 0.4817708328125 0.5416666671875 0.517578125 0.5551470593750001 0.5794270828125 0.580882353125 0.6087239578125 0.63357843125 0.6184895828125 0.6666666671875 0.6022135421875 0.6997549015625 0.576171875 0.7169117640625 0.5387369796875 0.7267156859375 0.4899088546875 0.6924019609375 0.4541015625 0.6286764703125 0.4361979171875 0.5857843140625 0.4475911453125 0.5551470593750001 0.4817708328125
0 0.6139705875 0.6461588546875 0.6115196078125 0.6982421875 0.6299019609375 0.732421875 0.6397058828125 0.791015625 0.6482843140625 0.8349609375 0.6924019609375 0.8577473953125001 0.740196078125 0.8463541671874999 0.7610294125 0.80078125 0.7561274515624999 0.7503255203125 0.7450980390625 0.7080078125 0.7254901953124999 0.6673177078125 0.705882353125 0.6136067703125 0.6752450984375 0.5989583328125 0.6752450984375 0.6005859375 0.626225490625 0.6136067703125 0.6139705875 0.6461588546875
0 0.715686275 0.8610026046874999 0.7083333328125 0.9212239578125001 0.7193627453125 0.9700520828125001 0.7389705875 1 0.8370098046875001 0.9993489578125001 0.846813725 0.9749348953125001 0.85539215625 0.9261067703125001 0.859068628125 0.8837890625 0.84926470625 0.8723958328125001 0.8333333328125001 0.8447265625 0.8002450984375 0.8089192703125001 0.7647058828125 0.8219401046874999 0.7708333328125 0.8203125 0.7438725484375001 0.8333333328125001 0.715686275 0.8610026046874999
0 0.5698529406249999 0.9407552078125001 0.5857843140625 0.9733072921874999 0.60539215625 0.9977213546874999 0.6813725484375001 0.9993489578125001 0.686274509375 0.9749348953125001 0.697303921875 0.966796875 0.69607843125 0.9261067703125001 0.6801470593750001 0.8772786453125001 0.6580882359375 0.8447265625 0.6311274515624999 0.8154296875 0.609068628125 0.8430989578125001 0.5955882359375 0.8756510421874999 0.5747549015625 0.9098307296874999 0.5698529406249999 0.9407552078125001
0 0.4767156859375 0.771484375 0.484068628125 0.8284505203125001 0.501225490625 0.859375 0.535539215625 0.8837890625 0.5747549015625 0.8902994796874999 0.6029411765625 0.8626302078125001 0.6188725484375001 0.8382161453125001 0.6299019609375 0.8072916671874999 0.6299019609375 0.7584635421875 0.6225490203125 0.7291666671875 0.596813725 0.6982421875 0.5563725484375001 0.673828125 0.5073529406249999 0.6868489578125 0.4779411765625 0.7210286453125 0.4767156859375 0.771484375
0 0.455882353125 0.625 0.46446078437500005 0.6705729171875 0.4693627453125 0.7080078125 0.490196078125 0.7014973953125 0.5220588234375 0.68359375 0.5379901953124999 0.654296875 0.5563725484375001 0.6477864578125 0.5575980390625 0.6022135421875 0.552696078125 0.5550130203125 0.5294117640625 0.537109375 0.5024509796875 0.56640625 0.4767156859375 0.5843098953125 0.455882353125 0.625
0 0.36274509843749997 0.4703776046875 0.37132352968750004 0.5257161453125 0.38357843125 0.5826822921875 0.43014705937500003 0.6136067703125 0.46323529375000005 0.5989583328125 0.49142156875 0.5712890625 0.50857843125 0.5305989578125 0.5073529406249999 0.4899088546875 0.49387254843750006 0.4573567703125 0.4681372546875 0.4313151046875 0.419117646875 0.4182942703125 0.3811274515625 0.4345703125 0.36274509843749997 0.4703776046875
0 0.3174019609375 0.68359375 0.3345588234375 0.7242838546875 0.36642156875 0.7340494796875 0.3897058828125 0.7552083328125 0.42524509843749997 0.7877604171875 0.4509803921875 0.7828776046875 0.47181372499999996 0.7291666671875 0.4693627453125 0.6998697921875 0.45710784374999996 0.6689453125 0.44975490156250003 0.634765625 0.43259803906250005 0.6184895828125 0.41053921562499995 0.60546875 0.3799019609375 0.6005859375 0.35539215625 0.6201171875 0.33210784375 0.6412760421875 0.3174019609375 0.68359375
0 0.27818627500000004 0.8170572921874999 0.29289215625 0.8512369796874999 0.313725490625 0.8935546875 0.3529411765625 0.9228515625 0.382352940625 0.9065755203125001 0.4056372546875 0.8675130203125001 0.4166666671875 0.8203125 0.39950980468749997 0.7779947921875 0.3688725484375 0.7438151046875 0.3357843140625 0.7373046875 0.31004902031250003 0.7373046875 0.2830882359375 0.7763671875 0.27818627500000004 0.8170572921874999
0 0.3431372546875 0.6363932296875 0.37254902031250003 0.5826822921875 0.3700980390625 0.5403645828125 0.35049019531250003 0.4931640625 0.311274509375 0.4833984375 0.2708333328125 0.4931640625 0.2438725484375 0.5501302078125 0.25 0.5973307296875 0.26960784375 0.6282552078125 0.302696078125 0.64453125 0.3431372546875 0.6363932296875
0 0.2977941171875 0.4801432296875 0.328431371875 0.4475911453125 0.33700980468749997 0.41015625 0.3345588234375 0.3727213546875 0.3075980390625 0.3385416671875 0.2720588234375 0.3304036453125 0.23161764687500003 0.3499348953125 0.20588235312499997 0.3889973953125 0.20833333281250002 0.4459635421875 0.23161764687500003 0.4638671875 0.2549019609375 0.4947916671875 0.2977941171875 0.4801432296875
0 0.3443627453125 0.380859375 0.359068628125 0.4166666671875 0.37745097968749997 0.4248046875 0.41176470624999995 0.4215494796875 0.44240196093749995 0.4117838546875 0.4607843140625 0.3792317703125 0.481617646875 0.3369140625 0.46446078437500005 0.3092447921875 0.46446078437500005 0.2604166671875 0.438725490625 0.23111979218749998 0.4056372546875 0.20833333281250002 0.37867647031249996 0.21158854218749998 0.3296568625 0.224609375 0.32107843125 0.23763020781250002 0.311274509375 0.2783203125 0.31495097968749997 0.3125 0.3235294125 0.3483072921875 0.3443627453125 0.380859375